	clusterMean_bu	cost_efficiency_relative_bin	efficiency_bin
Subject_001	0.46495	0.37516	0.57516
Subject_002	0.44318	0.37534	0.57534
Subject_003	0.47979	0.37246	0.57246
Subject_004	0.48192	0.3687	0.5687
Subject_005	0.45302	0.37816	0.57816
Subject_006	0.50625	0.36714	0.56714
Subject_007	0.52926	0.35497	0.55497
Subject_008	0.53708	0.35057	0.55057
Subject_009	0.58648	0.34153	0.54153
Subject_010	0.46821	0.37755	0.57755
Subject_011	0.49234	0.36555	0.56555
Subject_012	0.48614	0.37283	0.57283
Subject_013	0.49309	0.36931	0.56931
Subject_014	0.50332	0.36746	0.56746
Subject_015	0.52089	0.36106	0.56106
Subject_016	0.53387	0.35755	0.55755
Subject_017	0.51711	0.36242	0.56242
Subject_018	0.51537	0.36129	0.56129
Subject_019	0.48516	0.37138	0.57138
Subject_020	0.53727	0.35692	0.55692
Subject_021	0.48688	0.37478	0.57478
Subject_022	0.44432	0.38105	0.58105
Subject_023	0.48477	0.37036	0.57036
Subject_024	0.54309	0.35855	0.55855
Subject_025	0.47555	0.36931	0.56931
Subject_026	0.53135	0.36283	0.56283
Subject_027	0.47941	0.36981	0.56981
Subject_028	0.44416	0.37131	0.57131
Subject_029	0.47946	0.37168	0.57168
Subject_030	0.55204	0.34497	0.54497
Subject_031	0.50027	0.37157	0.57157
Subject_032	0.44408	0.37763	0.57763
Subject_033	0.56931	0.35708	0.55708
Subject_034	0.54939	0.35928	0.55928
Subject_035	0.48442	0.36971	0.56971
Subject_036	0.47282	0.37224	0.57224
Subject_037	0.50538	0.36664	0.56664
Subject_038	0.5166	0.36012	0.56012
Subject_039	0.58614	0.34907	0.54907
Subject_040	0.47648	0.37421	0.57421
Subject_041	0.51951	0.3626	0.5626
Subject_042	0.52378	0.36077	0.56077
Subject_043	0.49739	0.37324	0.57324
Subject_044	0.53049	0.36091	0.56091
Subject_045	0.5051	0.36185	0.56185
Subject_046	0.51098	0.36459	0.56459
Subject_047	0.50126	0.36751	0.56751
Subject_048	0.48215	0.36876	0.56876
Subject_049	0.50114	0.36798	0.56798
Subject_050	0.54154	0.36247	0.56247
Subject_051	0.52855	0.34914	0.54914
Subject_052	0.58189	0.33909	0.53909
Subject_053	0.51737	0.36235	0.56235
Subject_054	0.5065	0.36265	0.56265
Subject_055	0.48185	0.37335	0.57335
Subject_056	0.52725	0.3602	0.5602
Subject_057	0.4904	0.35956	0.55956
Subject_058	0.47929	0.37137	0.57137
Subject_059	0.47313	0.37148	0.57148
Subject_060	0.53988	0.35558	0.55558
Subject_061	0.50832	0.36726	0.56726
Subject_062	0.57696	0.34628	0.54628
Subject_063	0.45534	0.3801	0.5801
Subject_064	0.50149	0.36837	0.56837
Subject_065	0.5535	0.35529	0.55529
Subject_066	0.59491	0.34564	0.54564
Subject_067	0.52551	0.36204	0.56204
Subject_068	0.50273	0.36469	0.56469
Subject_069	0.45118	0.37751	0.57751
Subject_070	0.56149	0.35345	0.55345
Subject_071	0.58945	0.33625	0.53625
Subject_072	0.5292	0.36266	0.56266
Subject_073	0.49449	0.36459	0.56459
Subject_074	0.50146	0.37178	0.57178
Subject_075	0.52251	0.36483	0.56483
Subject_076	0.48633	0.37213	0.57213
Subject_077	0.5742	0.34635	0.54635
Subject_078	0.51754	0.36496	0.56496
Subject_079	0.54545	0.35342	0.55342
Subject_080	0.48259	0.37119	0.57119
Subject_081	0.55463	0.34467	0.54467
Subject_082	0.52046	0.35926	0.55926
Subject_083	0.48667	0.37211	0.57211
Subject_084	0.53268	0.36232	0.56232
Subject_085	0.49353	0.36829	0.56829
Subject_086	0.54995	0.3642	0.5642
Subject_087	0.59949	0.32879	0.52879
Subject_088	0.5553	0.35579	0.55579
Subject_089	0.52759	0.35277	0.55277
Subject_090	0.54597	0.35201	0.55201
Subject_091	0.46822	0.37119	0.57119
Subject_092	0.53859	0.36291	0.56291
Subject_093	0.47526	0.36826	0.56826
Subject_094	0.47147	0.37395	0.57395
Subject_095	0.55697	0.34811	0.54811
Subject_096	0.48701	0.3735	0.5735
Subject_097	0.4968	0.36963	0.56963
Subject_098	0.5044	0.36931	0.56931
Subject_099	0.53576	0.36025	0.56025
Subject_100	0.53538	0.3526	0.5526
Subject_101	0.52479	0.36433	0.56433
Subject_102	0.43227	0.38066	0.58066
Subject_103	0.44551	0.37892	0.57892
Subject_104	0.52822	0.36412	0.56412
Subject_105	0.47277	0.37245	0.57245
Subject_106	0.42984	0.37942	0.57942
Subject_107	0.47135	0.37433	0.57433
Subject_108	0.53748	0.35643	0.55643
Subject_109	0.51011	0.36591	0.56591
Subject_110	0.5227	0.35952	0.55952
Subject_111	0.44713	0.37241	0.57241
Subject_112	0.46419	0.37407	0.57407
Subject_113	0.56358	0.34873	0.54873
Subject_114	0.52071	0.34975	0.54975
Subject_115	0.45626	0.37865	0.57865
Subject_116	0.49244	0.35864	0.55864
Subject_117	0.53028	0.3619	0.5619
Subject_118	0.54764	0.35081	0.55081
Subject_119	0.47276	0.37184	0.57184
Subject_120	0.54028	0.35375	0.55375
Subject_121	0.52615	0.36397	0.56397
Subject_122	0.51684	0.3644	0.5644
Subject_123	0.49063	0.37481	0.57481
Subject_124	0.53343	0.35859	0.55859
Subject_125	0.45085	0.37847	0.57847
Subject_126	0.47616	0.37175	0.57175
Subject_127	0.5704	0.34005	0.54005
Subject_128	0.4909	0.35743	0.55743
Subject_129	0.49394	0.37001	0.57001
Subject_130	0.53632	0.35536	0.55536
Subject_131	0.53053	0.35915	0.55915
Subject_132	0.50965	0.3636	0.5636
Subject_133	0.51447	0.36653	0.56653
Subject_134	0.49282	0.36386	0.56386
Subject_135	0.51666	0.36528	0.56528
Subject_136	0.48548	0.3697	0.5697
Subject_137	0.49304	0.36646	0.56646
Subject_138	0.49722	0.36546	0.56546
Subject_139	0.52981	0.36049	0.56049
Subject_140	0.51708	0.36624	0.56624
Subject_141	0.57524	0.33658	0.53658
Subject_142	0.49726	0.3652	0.5652
Subject_143	0.46736	0.37686	0.57686
Subject_144	0.51787	0.35902	0.55902
Subject_145	0.48222	0.36837	0.56837
Subject_146	0.53149	0.36053	0.56053
Subject_147	0.43303	0.37788	0.57788
Subject_148	0.47688	0.36911	0.56911
Subject_149	0.5361	0.35995	0.55995
Subject_150	0.50452	0.36272	0.56272
Subject_151	0.48235	0.36923	0.56923
Subject_152	0.54345	0.35672	0.55672
Subject_153	0.46714	0.37702	0.57702
Subject_154	0.52364	0.36541	0.56541
Subject_155	0.47771	0.36821	0.56821
Subject_156	0.49102	0.36306	0.56306
Subject_157	0.40402	0.38612	0.58612
Subject_158	0.48982	0.37551	0.57551
Subject_159	0.56541	0.30876	0.50876
Subject_160	0.49616	0.36882	0.56882
Subject_161	0.49758	0.3636	0.5636
Subject_162	0.49862	0.36893	0.56893
Subject_163	0.53849	0.35457	0.55457
Subject_164	0.46615	0.36866	0.56866
Subject_165	0.55555	0.34865	0.54865
Subject_166	0.49399	0.36806	0.56806
Subject_167	0.48008	0.36915	0.56915
Subject_168	0.59838	0.34059	0.54059
Subject_169	0.57071	0.34541	0.54541
Subject_170	0.47439	0.36937	0.56937
Subject_171	0.49137	0.36857	0.56857
Subject_172	0.52117	0.36442	0.56442
Subject_173	0.48895	0.37225	0.57225
Subject_174	0.50164	0.36045	0.56045
Subject_175	0.47424	0.37358	0.57358
Subject_176	0.56991	0.33973	0.53973
Subject_177	0.52694	0.35892	0.55892
Subject_178	0.50741	0.36435	0.56435
Subject_179	0.55413	0.35757	0.55757
Subject_180	0.4596	0.37499	0.57499
Subject_181	0.55615	0.3451	0.5451
Subject_182	0.53265	0.3679	0.5679
Subject_183	0.56228	0.33106	0.53106
Subject_184	0.5103	0.36451	0.56451
Subject_185	0.51196	0.36677	0.56677
Subject_186	0.45127	0.37526	0.57526
Subject_187	0.44614	0.37448	0.57448
Subject_188	0.4865	0.37124	0.57124
Subject_189	0.49925	0.36082	0.56082
Subject_190	0.4494	0.37821	0.57821
Subject_191	0.51121	0.35936	0.55936
Subject_192	0.46287	0.37224	0.57224
Subject_193	0.52701	0.35549	0.55549
Subject_194	0.51351	0.36268	0.56268
Subject_195	0.5076	0.3686	0.5686
Subject_196	0.54438	0.35111	0.55111
Subject_197	0.5649	0.34794	0.54794
Subject_198	0.55046	0.34849	0.54849
Subject_199	0.53876	0.35287	0.55287
Subject_200	0.52494	0.35523	0.55523
Subject_201	0.45645	0.37503	0.57503
Subject_202	0.54172	0.35974	0.55974
Subject_203	0.51812	0.35277	0.55277
Subject_204	0.45317	0.37555	0.57555
Subject_205	0.49538	0.36637	0.56637
Subject_206	0.52128	0.36091	0.56091
Subject_207	0.46749	0.37502	0.57502
Subject_208	0.54622	0.3547	0.5547
Subject_209	0.51406	0.36139	0.56139
Subject_210	0.53846	0.35482	0.55482
Subject_211	0.546	0.3489	0.5489
Subject_212	0.59133	0.33755	0.53755
Subject_213	0.48767	0.3672	0.5672
Subject_214	0.53672	0.35963	0.55963
Subject_215	0.51299	0.36387	0.56387
Subject_216	0.53748	0.36138	0.56138
Subject_217	0.47478	0.37614	0.57614
Subject_218	0.55914	0.34381	0.54381
Subject_219	0.57823	0.34682	0.54682
Subject_220	0.50209	0.36885	0.56885
Subject_221	0.53969	0.35243	0.55243
Subject_222	0.49511	0.36667	0.56667
Subject_223	0.47156	0.36848	0.56848
Subject_224	0.50993	0.36388	0.56388
Subject_225	0.44497	0.37657	0.57657
Subject_226	0.58712	0.32239	0.52239
Subject_227	0.48601	0.36858	0.56858
Subject_228	0.51673	0.36136	0.56136
Subject_229	0.46736	0.37205	0.57205
Subject_230	0.57535	0.33202	0.53202
Subject_231	0.51589	0.36194	0.56194
Subject_232	0.46624	0.36614	0.56614
Subject_233	0.47082	0.37557	0.57557
Subject_234	0.4885	0.37029	0.57029
Subject_235	0.54324	0.35823	0.55823
Subject_236	0.53129	0.35716	0.55716
Subject_237	0.49474	0.3662	0.5662
Subject_238	0.55291	0.3458	0.5458
Subject_239	0.50983	0.36413	0.56413
Subject_240	0.47209	0.37649	0.57649
Subject_241	0.49004	0.36579	0.56579
Subject_242	0.54121	0.28937	0.48937
Subject_243	0.52513	0.35931	0.55931
Subject_244	0.47784	0.37358	0.57358
Subject_245	0.44246	0.37818	0.57818
Subject_246	0.5126	0.36737	0.56737
Subject_247	0.5125	0.36657	0.56657
Subject_248	0.49697	0.37289	0.57289
Subject_249	0.48102	0.37493	0.57493
Subject_250	0.45068	0.37525	0.57525
Subject_251	0.50237	0.36471	0.56471
Subject_252	0.53237	0.35861	0.55861
Subject_253	0.45623	0.37684	0.57684
Subject_254	0.52907	0.34554	0.54554
Subject_255	0.54011	0.36596	0.56596
Subject_256	0.55276	0.35126	0.55126
Subject_257	0.50235	0.36637	0.56637
Subject_258	0.49164	0.37291	0.57291
Subject_259	0.49995	0.3657	0.5657
Subject_260	0.4807	0.36735	0.56735
Subject_261	0.53973	0.35619	0.55619
Subject_262	0.44169	0.37921	0.57921
Subject_263	0.5259	0.36109	0.56109
Subject_264	0.58912	0.33999	0.53999
Subject_265	0.46237	0.37449	0.57449
Subject_266	0.57728	0.34844	0.54844
Subject_267	0.51426	0.35773	0.55773
Subject_268	0.48659	0.36923	0.56923
Subject_269	0.58457	0.34317	0.54317
Subject_270	0.40317	0.38634	0.58634
Subject_271	0.54629	0.35298	0.55298
Subject_272	0.48936	0.36872	0.56872
Subject_273	0.47122	0.37649	0.57649
Subject_274	0.5215	0.3627	0.5627
Subject_275	0.52041	0.36328	0.56328
Subject_276	0.49477	0.35821	0.55821
Subject_277	0.59374	0.35392	0.55392
Subject_278	0.48821	0.37271	0.57271
Subject_279	0.53395	0.36278	0.56278
Subject_280	0.46787	0.37395	0.57395
Subject_281	0.51482	0.36115	0.56115
Subject_282	0.4764	0.37397	0.57397
Subject_283	0.46172	0.37015	0.57015
Subject_284	0.45882	0.37073	0.57073
Subject_285	0.5396	0.34719	0.54719
Subject_286	0.50463	0.36204	0.56204
Subject_287	0.47	0.37699	0.57699
Subject_288	0.46838	0.37269	0.57269
Subject_289	0.50388	0.36806	0.56806
Subject_290	0.5251	0.33476	0.53476
Subject_291	0.44207	0.37764	0.57764
Subject_292	0.52825	0.36501	0.56501
Subject_293	0.4929	0.36235	0.56235
Subject_294	0.54127	0.35298	0.55298
Subject_295	0.50916	0.35992	0.55992
Subject_296	0.49788	0.36826	0.56826
Subject_297	0.51327	0.35553	0.55553
Subject_298	0.50672	0.36424	0.56424
Subject_299	0.47935	0.37399	0.57399
Subject_300	0.55208	0.35686	0.55686
Subject_301	0.50437	0.36518	0.56518
Subject_302	0.49592	0.37088	0.57088
Subject_303	0.54356	0.32287	0.52287
Subject_304	0.54121	0.35332	0.55332
Subject_305	0.45542	0.37547	0.57547
Subject_306	0.53526	0.35161	0.55161
Subject_307	0.53298	0.34739	0.54739
Subject_308	0.47916	0.36866	0.56866
Subject_309	0.55166	0.34996	0.54996
Subject_310	0.57108	0.28226	0.48226
Subject_311	0.50854	0.36053	0.56053
Subject_312	0.44975	0.37634	0.57634
Subject_313	0.47034	0.3733	0.5733
Subject_314	0.47291	0.37476	0.57476
Subject_315	0.57588	0.34652	0.54652
Subject_316	0.49309	0.37194	0.57194
Subject_317	0.56925	0.33299	0.53299
Subject_318	0.58868	0.33899	0.53899
Subject_319	0.50042	0.36459	0.56459
Subject_320	0.51338	0.362	0.562
Subject_321	0.49238	0.35608	0.55608
Subject_322	0.50472	0.36315	0.56315
Subject_323	0.49711	0.36445	0.56445
Subject_324	0.58973	0.33929	0.53929
Subject_325	0.46401	0.37475	0.57475
Subject_326	0.58239	0.35772	0.55772
Subject_327	0.50104	0.36638	0.56638
Subject_328	0.46593	0.37546	0.57546
Subject_329	0.50828	0.36328	0.56328
Subject_330	0.55892	0.34557	0.54557
Subject_331	0.51087	0.36191	0.56191
Subject_332	0.47556	0.37452	0.57452
Subject_333	0.50443	0.3513	0.5513
Subject_334	0.49954	0.36635	0.56635
Subject_335	0.48144	0.3718	0.5718
Subject_336	0.49359	0.37087	0.57087
Subject_337	0.52624	0.36164	0.56164
Subject_338	0.57047	0.33782	0.53782
Subject_339	0.48229	0.36652	0.56652
Subject_340	0.44602	0.37776	0.57776
Subject_341	0.45518	0.37418	0.57418
Subject_342	0.48699	0.36852	0.56852
Subject_343	0.5417	0.35677	0.55677
Subject_344	0.56997	0.32575	0.52575
Subject_345	0.51716	0.36038	0.56038
Subject_346	0.51616	0.36167	0.56167
Subject_347	0.51224	0.36583	0.56583
Subject_348	0.56005	0.34838	0.54838
Subject_349	0.53548	0.36354	0.56354
Subject_350	0.51299	0.35351	0.55351
Subject_351	0.49324	0.36677	0.56677
Subject_352	0.45454	0.37426	0.57426
Subject_353	0.48162	0.36732	0.56732
Subject_354	0.52261	0.35135	0.55135
Subject_355	0.46346	0.37536	0.57536
Subject_356	0.46818	0.37062	0.57062
Subject_357	0.49843	0.35242	0.55242
Subject_358	0.54615	0.35665	0.55665
Subject_359	0.56	0.3346	0.5346
Subject_360	0.49124	0.36738	0.56738
Subject_361	0.52648	0.36559	0.56559
Subject_362	0.54458	0.3395	0.5395
Subject_363	0.48736	0.368	0.568
Subject_364	0.51209	0.36262	0.56262
Subject_365	0.41655	0.38411	0.58411
Subject_366	0.50271	0.36693	0.56693
Subject_367	0.49421	0.37097	0.57097
Subject_368	0.56904	0.35068	0.55068
Subject_369	0.48049	0.36437	0.56437
Subject_370	0.54199	0.35193	0.55193
Subject_371	0.51505	0.36399	0.56399
Subject_372	0.51007	0.36733	0.56733
Subject_373	0.44591	0.37677	0.57677
Subject_374	0.44737	0.37653	0.57653
Subject_375	0.55968	0.34846	0.54846
Subject_376	0.57439	0.34474	0.54474
Subject_377	0.55273	0.35493	0.55493
Subject_378	0.49898	0.36755	0.56755
Subject_379	0.58096	0.28523	0.48523
Subject_380	0.48748	0.36903	0.56903
Subject_381	0.50332	0.36331	0.56331
Subject_382	0.48812	0.35625	0.55625
Subject_383	0.48935	0.36457	0.56457
Subject_384	0.55265	0.35584	0.55584
Subject_385	0.51986	0.36579	0.56579
Subject_386	0.50864	0.36218	0.56218
Subject_387	0.51157	0.37059	0.57059
Subject_388	0.48374	0.37122	0.57122
Subject_389	0.53225	0.35948	0.55948
Subject_390	0.46743	0.37495	0.57495
Subject_391	0.54907	0.3562	0.5562
Subject_392	0.50096	0.36614	0.56614
Subject_393	0.53385	0.35105	0.55105
Subject_394	0.51175	0.36363	0.56363
Subject_395	0.44949	0.37819	0.57819
Subject_396	0.53347	0.35072	0.55072
Subject_397	0.48963	0.36648	0.56648
Subject_398	0.47545	0.3713	0.5713
Subject_399	0.5304	0.36135	0.56135
Subject_400	0.51956	0.36185	0.56185
Subject_401	0.45478	0.37647	0.57647
Subject_402	0.43168	0.38056	0.58056
Subject_403	0.4865	0.37159	0.57159
Subject_404	0.48514	0.37231	0.57231
Subject_405	0.53331	0.30545	0.50545
Subject_406	0.55094	0.35611	0.55611
Subject_407	0.50007	0.3671	0.5671
Subject_408	0.43548	0.37898	0.57898
Subject_409	0.47931	0.37112	0.57112
Subject_410	0.52997	0.3637	0.5637
Subject_411	0.50779	0.36601	0.56601
Subject_412	0.51739	0.36297	0.56297
Subject_413	0.48661	0.36323	0.56323
Subject_414	0.60325	0.34627	0.54627
Subject_415	0.50325	0.362	0.562
Subject_416	0.46127	0.37622	0.57622
Subject_417	0.49815	0.36548	0.56548
Subject_418	0.50775	0.36691	0.56691
Subject_419	0.48127	0.3733	0.5733
Subject_420	0.5184	0.35227	0.55227
Subject_421	0.50646	0.36161	0.56161
Subject_422	0.55106	0.35281	0.55281
Subject_423	0.48782	0.36826	0.56826
Subject_424	0.53464	0.35369	0.55369
Subject_425	0.44538	0.3738	0.5738
Subject_426	0.47684	0.37053	0.57053
Subject_427	0.4881	0.37116	0.57116
Subject_428	0.40183	0.38411	0.58411
Subject_429	0.60198	0.321	0.521
Subject_430	0.47385	0.37023	0.57023
Subject_431	0.45016	0.37679	0.57679
Subject_432	0.46079	0.37549	0.57549
Subject_433	0.43598	0.37704	0.57704
Subject_434	0.54673	0.36428	0.56428
Subject_435	0.47502	0.37508	0.57508
Subject_436	0.48704	0.36883	0.56883
Subject_437	0.47128	0.36927	0.56927
Subject_438	0.50708	0.36267	0.56267
Subject_439	0.55397	0.34047	0.54047
Subject_440	0.48539	0.36472	0.56472
Subject_441	0.44428	0.37919	0.57919
Subject_442	0.49261	0.35451	0.55451
Subject_443	0.45826	0.37794	0.57794
Subject_444	0.50227	0.36427	0.56427
Subject_445	0.47071	0.3735	0.5735
Subject_446	0.49909	0.36517	0.56517
Subject_447	0.51757	0.34878	0.54878
Subject_448	0.5686	0.32637	0.52637
Subject_449	0.51717	0.3675	0.5675
Subject_450	0.4772	0.36801	0.56801
Subject_451	0.53655	0.36184	0.56184
Subject_452	0.57113	0.35063	0.55063
Subject_453	0.51792	0.34357	0.54357
Subject_454	0.56217	0.35851	0.55851
Subject_455	0.51745	0.35596	0.55596
Subject_456	0.45726	0.374	0.574
Subject_457	0.46852	0.3754	0.5754
Subject_458	0.51619	0.34576	0.54576
Subject_459	0.52946	0.3517	0.5517
Subject_460	0.50368	0.3612	0.5612
Subject_461	0.51849	0.36352	0.56352
Subject_462	0.42491	0.37747	0.57747
Subject_463	0.52766	0.34956	0.54956
Subject_464	0.55432	0.32151	0.52151
Subject_465	0.46567	0.37555	0.57555
Subject_466	0.48482	0.36627	0.56627
Subject_467	0.50897	0.36676	0.56676
Subject_468	0.51997	0.35935	0.55935
Subject_469	0.52745	0.34344	0.54344
Subject_470	0.62867	0.31197	0.51197
Subject_471	0.43419	0.38172	0.58172
Subject_472	0.52252	0.3464	0.5464
Subject_473	0.47561	0.37453	0.57453
Subject_474	0.52299	0.33846	0.53846
Subject_475	0.45236	0.37288	0.57288
Subject_476	0.48508	0.36709	0.56709
Subject_477	0.48976	0.36192	0.56192
Subject_478	0.46854	0.36132	0.56132
Subject_479	0.53064	0.34976	0.54976
Subject_480	0.44641	0.37495	0.57495
Subject_481	0.52059	0.36056	0.56056
Subject_482	0.43365	0.38042	0.58042
Subject_483	0.4232	0.38342	0.58342
Subject_484	0.48618	0.3704	0.5704
Subject_485	0.55023	0.33871	0.53871
Subject_486	0.45585	0.37011	0.57011
Subject_487	0.4384	0.37731	0.57731
Subject_488	0.51446	0.35534	0.55534
Subject_489	0.43989	0.37833	0.57833
Subject_490	0.50975	0.32771	0.52771
Subject_491	0.46367	0.37196	0.57196
Subject_492	0.53855	0.34587	0.54587
Subject_493	0.47396	0.36458	0.56458
Subject_494	0.48091	0.3738	0.5738
Subject_495	0.48266	0.35837	0.55837
Subject_496	0.47217	0.3655	0.5655
Subject_497	0.51751	0.363	0.563
Subject_498	0.57714	0.32231	0.52231
Subject_499	0.51826	0.36822	0.56822
Subject_500	0.56199	0.32099	0.52099
Subject_501	0.48345	0.37187	0.57187
Subject_502	0.46441	0.37597	0.57597
Subject_503	0.51384	0.3524	0.5524
Subject_504	0.44789	0.37714	0.57714
Subject_505	0.44529	0.37708	0.57708
Subject_506	0.47594	0.37181	0.57181
Subject_507	0.45353	0.37494	0.57494
Subject_508	0.45984	0.37887	0.57887
Subject_509	0.4715	0.36722	0.56722
Subject_510	0.53266	0.34654	0.54654
Subject_511	0.49041	0.36162	0.56162
Subject_512	0.50328	0.36515	0.56515
Subject_513	0.51958	0.35838	0.55838
Subject_514	0.55823	0.36013	0.56013
Subject_515	0.45999	0.37406	0.57406
Subject_516	0.45881	0.37738	0.57738
Subject_517	0.55447	0.35158	0.55158
Subject_518	0.51967	0.3678	0.5678
Subject_519	0.43975	0.37541	0.57541
Subject_520	0.46705	0.37436	0.57436
Subject_521	0.51688	0.36359	0.56359
Subject_522	0.50465	0.36378	0.56378
Subject_523	0.5574	0.34305	0.54305
Subject_524	0.38759	0.38681	0.58681
Subject_525	0.53982	0.35619	0.55619
Subject_526	0.50886	0.36316	0.56316
Subject_527	0.56014	0.34741	0.54741
Subject_528	0.53974	0.36157	0.56157
Subject_529	0.51841	0.36057	0.56057
Subject_530	0.50528	0.36876	0.56876
Subject_531	0.49481	0.36343	0.56343
Subject_532	0.47717	0.3701	0.5701
Subject_533	0.52196	0.34883	0.54883
Subject_534	0.45918	0.37253	0.57253
Subject_535	0.50012	0.33618	0.53618
Subject_536	0.52427	0.34301	0.54301
Subject_537	0.51244	0.36844	0.56844
Subject_538	0.4572	0.37269	0.57269
Subject_539	0.52503	0.32773	0.52773
Subject_540	0.48913	0.37113	0.57113
Subject_541	0.499	0.36399	0.56399
Subject_542	0.47446	0.37385	0.57385
Subject_543	0.4971	0.36927	0.56927
Subject_544	0.47595	0.36991	0.56991
Subject_545	0.48823	0.37008	0.57008
Subject_546	0.47984	0.37397	0.57397
Subject_547	0.46087	0.37581	0.57581
Subject_548	0.4572	0.37526	0.57526
Subject_549	0.43416	0.37935	0.57935
Subject_550	0.50608	0.36409	0.56409
Subject_551	0.47835	0.37077	0.57077
Subject_552	0.48851	0.36895	0.56895
Subject_553	0.57593	0.35053	0.55053
Subject_554	0.51748	0.35817	0.55817
Subject_555	0.51662	0.34888	0.54888
Subject_556	0.45153	0.37512	0.57512
Subject_557	0.47069	0.37187	0.57187
Subject_558	0.46593	0.37235	0.57235
Subject_559	0.50395	0.36107	0.56107
Subject_560	0.52648	0.36109	0.56109
Subject_561	0.42681	0.38318	0.58318
Subject_562	0.475	0.36639	0.56639
Subject_563	0.45713	0.37468	0.57468
Subject_564	0.49803	0.36759	0.56759
Subject_565	0.55545	0.33784	0.53784
Subject_566	0.5088	0.35842	0.55842
Subject_567	0.61173	0.32506	0.52506
Subject_568	0.52464	0.34556	0.54556
Subject_569	0.48852	0.37056	0.57056
Subject_570	0.51939	0.35422	0.55422
Subject_571	0.42418	0.38347	0.58347
Subject_572	0.44766	0.37686	0.57686
Subject_573	0.49437	0.35624	0.55624
Subject_574	0.43605	0.37649	0.57649
Subject_575	0.57738	0.33369	0.53369
Subject_576	0.49318	0.36302	0.56302
Subject_577	0.51175	0.36708	0.56708
Subject_578	0.60311	0.32667	0.52667
Subject_579	0.50761	0.36133	0.56133
Subject_580	0.5058	0.36276	0.56276
Subject_581	0.47909	0.36773	0.56773
Subject_582	0.45831	0.3743	0.5743
Subject_583	0.53236	0.355	0.555
Subject_584	0.44258	0.37902	0.57902
Subject_585	0.49304	0.36819	0.56819
Subject_586	0.49354	0.35753	0.55753
Subject_587	0.51411	0.36059	0.56059
Subject_588	0.54216	0.35504	0.55504
Subject_589	0.48005	0.36547	0.56547
Subject_590	0.51932	0.35297	0.55297
Subject_591	0.53992	0.34163	0.54163
Subject_592	0.52783	0.35734	0.55734
Subject_593	0.46467	0.37031	0.57031
Subject_594	0.537	0.35898	0.55898
Subject_595	0.50294	0.36705	0.56705
Subject_596	0.49811	0.37093	0.57093
Subject_597	0.42093	0.38414	0.58414
Subject_598	0.43184	0.37935	0.57935
Subject_599	0.39282	0.38587	0.58587
Subject_600	0.46116	0.37174	0.57174
Subject_601	0.50486	0.35894	0.55894
Subject_602	0.48814	0.36004	0.56004
Subject_603	0.4688	0.37094	0.57094
Subject_604	0.55004	0.35973	0.55973
Subject_605	0.48536	0.37435	0.57435
Subject_606	0.53577	0.35528	0.55528
Subject_607	0.50746	0.36598	0.56598
Subject_608	0.49713	0.3617	0.5617
Subject_609	0.53501	0.35127	0.55127
Subject_610	0.49232	0.36864	0.56864
Subject_611	0.57536	0.33331	0.53331
Subject_612	0.49127	0.36387	0.56387
Subject_613	0.49766	0.3619	0.5619
Subject_614	0.42038	0.37588	0.57588
Subject_615	0.47882	0.36855	0.56855
Subject_616	0.4958	0.35986	0.55986
Subject_617	0.45472	0.37364	0.57364
Subject_618	0.44061	0.37803	0.57803
Subject_619	0.51496	0.35114	0.55114
Subject_620	0.45977	0.37421	0.57421
Subject_621	0.47492	0.36966	0.56966
Subject_622	0.47325	0.37398	0.57398
Subject_623	0.51058	0.35907	0.55907
Subject_624	0.54068	0.36256	0.56256
Subject_625	0.51997	0.36445	0.56445
Subject_626	0.54522	0.35375	0.55375
Subject_627	0.54744	0.353	0.553
Subject_628	0.54847	0.35108	0.55108
