	clusterMean_bu	cost_efficiency_relative_bin	efficiency_bin
Subject_001	0.47051	0.3338	0.4338
Subject_002	0.41897	0.35717	0.45717
Subject_003	0.44299	0.34176	0.44176
Subject_004	0.41708	0.33907	0.43907
Subject_005	0.42894	0.34304	0.44304
Subject_006	0.47835	0.32765	0.42765
Subject_007	0.52426	0.29193	0.39193
Subject_008	0.47977	0.31427	0.41427
Subject_009	0.50238	0.2464	0.3464
Subject_010	0.4741	0.33467	0.43467
Subject_011	0.48379	0.32722	0.42722
Subject_012	0.46312	0.33738	0.43738
Subject_013	0.49625	0.3222	0.4222
Subject_014	0.45926	0.32336	0.42336
Subject_015	0.51538	0.27528	0.37528
Subject_016	0.49841	0.28492	0.38492
Subject_017	0.45185	0.31285	0.41285
Subject_018	0.47484	0.3062	0.4062
Subject_019	0.45352	0.33524	0.43524
Subject_020	0.47133	0.31345	0.41345
Subject_021	0.47322	0.33526	0.43526
Subject_022	0.42508	0.33611	0.43611
Subject_023	0.45921	0.3267	0.4267
Subject_024	0.49384	0.29656	0.39656
Subject_025	0.4525	0.34128	0.44128
Subject_026	0.50321	0.31129	0.41129
Subject_027	0.4623	0.3294	0.4294
Subject_028	0.42614	0.34553	0.44553
Subject_029	0.4353	0.33852	0.43852
Subject_030	0.50913	0.30039	0.40039
Subject_031	0.46944	0.3359	0.4359
Subject_032	0.39391	0.34527	0.44527
Subject_033	0.5536	0.30578	0.40578
Subject_034	0.49189	0.31639	0.41639
Subject_035	0.42182	0.32932	0.42932
Subject_036	0.47018	0.34552	0.44552
Subject_037	0.49504	0.32336	0.42336
Subject_038	0.46124	0.32067	0.42067
Subject_039	0.55548	0.28067	0.38067
Subject_040	0.45422	0.33541	0.43541
Subject_041	0.47073	0.32755	0.42755
Subject_042	0.47777	0.30595	0.40595
Subject_043	0.4407	0.33748	0.43748
Subject_044	0.50125	0.31161	0.41161
Subject_045	0.46186	0.305	0.405
Subject_046	0.4726	0.33013	0.43013
Subject_047	0.47173	0.3339	0.4339
Subject_048	0.45604	0.34374	0.44374
Subject_049	0.46253	0.32096	0.42096
Subject_050	0.48377	0.32786	0.42786
Subject_051	0.47876	0.31593	0.41593
Subject_052	0.51303	0.27975	0.37975
Subject_053	0.47267	0.31616	0.41616
Subject_054	0.48951	0.31917	0.41917
Subject_055	0.44405	0.32953	0.42953
Subject_056	0.50614	0.3158	0.4158
Subject_057	0.44741	0.30861	0.40861
Subject_058	0.49449	0.30839	0.40839
Subject_059	0.42675	0.33194	0.43194
Subject_060	0.50646	0.31253	0.41253
Subject_061	0.47137	0.32755	0.42755
Subject_062	0.51845	0.26851	0.36851
Subject_063	0.46481	0.34274	0.44274
Subject_064	0.48648	0.31442	0.41442
Subject_065	0.50933	0.30978	0.40978
Subject_066	0.55365	0.30577	0.40577
Subject_067	0.50275	0.31235	0.41235
Subject_068	0.46991	0.33754	0.43754
Subject_069	0.43097	0.34945	0.44945
Subject_070	0.53841	0.28674	0.38674
Subject_071	0.55213	0.24483	0.34483
Subject_072	0.49705	0.31567	0.41567
Subject_073	0.43997	0.31798	0.41798
Subject_074	0.49842	0.33639	0.43639
Subject_075	0.45558	0.31298	0.41298
Subject_076	0.45844	0.34201	0.44201
Subject_077	0.48778	0.30074	0.40074
Subject_078	0.48161	0.32387	0.42387
Subject_079	0.48856	0.30473	0.40473
Subject_080	0.48126	0.30148	0.40148
Subject_081	0.52302	0.28746	0.38746
Subject_082	0.47182	0.30162	0.40162
Subject_083	0.45175	0.33123	0.43123
Subject_084	0.47971	0.31363	0.41363
Subject_085	0.45008	0.3247	0.4247
Subject_086	0.50608	0.31061	0.41061
Subject_087	0.54192	0.26305	0.36305
Subject_088	0.5031	0.28626	0.38626
Subject_089	0.47203	0.31994	0.41994
Subject_090	0.48282	0.28839	0.38839
Subject_091	0.43789	0.33515	0.43515
Subject_092	0.52326	0.29771	0.39771
Subject_093	0.46236	0.34135	0.44135
Subject_094	0.44435	0.33138	0.43138
Subject_095	0.52602	0.26125	0.36125
Subject_096	0.47283	0.3442	0.4442
Subject_097	0.49275	0.32893	0.42893
Subject_098	0.50261	0.3217	0.4217
Subject_099	0.5071	0.32688	0.42688
Subject_100	0.44348	0.27752	0.37752
Subject_101	0.53557	0.32079	0.42079
Subject_102	0.4027	0.35342	0.45342
Subject_103	0.3984	0.35228	0.45228
Subject_104	0.48666	0.30994	0.40994
Subject_105	0.47142	0.33309	0.43309
Subject_106	0.38379	0.36153	0.46153
Subject_107	0.47734	0.3424	0.4424
Subject_108	0.49483	0.29511	0.39511
Subject_109	0.48117	0.32381	0.42381
Subject_110	0.48943	0.28339	0.38339
Subject_111	0.40441	0.34319	0.44319
Subject_112	0.43921	0.34607	0.44607
Subject_113	0.50628	0.29706	0.39706
Subject_114	0.48255	0.26688	0.36688
Subject_115	0.45422	0.34927	0.44927
Subject_116	0.47923	0.31881	0.41881
Subject_117	0.45334	0.31589	0.41589
Subject_118	0.50652	0.2874	0.3874
Subject_119	0.40997	0.34072	0.44072
Subject_120	0.52132	0.30108	0.40108
Subject_121	0.49121	0.32744	0.42744
Subject_122	0.47656	0.3318	0.4318
Subject_123	0.48122	0.33853	0.43853
Subject_124	0.50663	0.29224	0.39224
Subject_125	0.43921	0.34513	0.44513
Subject_126	0.42261	0.33468	0.43468
Subject_127	0.53207	0.27221	0.37221
Subject_128	0.42536	0.32165	0.42165
Subject_129	0.56696	0.31741	0.41741
Subject_130	0.51409	0.28536	0.38536
Subject_131	0.52765	0.31008	0.41008
Subject_132	0.47786	0.31648	0.41648
Subject_133	0.47425	0.32414	0.42414
Subject_134	0.43965	0.30196	0.40196
Subject_135	0.49173	0.32922	0.42922
Subject_136	0.44876	0.31912	0.41912
Subject_137	0.45988	0.33195	0.43195
Subject_138	0.48185	0.32905	0.42905
Subject_139	0.5284	0.30386	0.40386
Subject_140	0.54721	0.32893	0.42893
Subject_141	0.50843	0.26994	0.36994
Subject_142	0.44011	0.32143	0.42143
Subject_143	0.45932	0.34757	0.44757
Subject_144	0.46317	0.30751	0.40751
Subject_145	0.47914	0.32497	0.42497
Subject_146	0.45243	0.3251	0.4251
Subject_147	0.40862	0.34609	0.44609
Subject_148	0.42097	0.30983	0.40983
Subject_149	0.50286	0.31106	0.41106
Subject_150	0.50036	0.30251	0.40251
Subject_151	0.45583	0.34184	0.44184
Subject_152	0.50493	0.2996	0.3996
Subject_153	0.44344	0.34712	0.44712
Subject_154	0.48227	0.32151	0.42151
Subject_155	0.41554	0.33906	0.43906
Subject_156	0.44421	0.32403	0.42403
Subject_157	0.39777	0.3581	0.4581
Subject_158	0.45815	0.33405	0.43405
Subject_159	0.43649	0.23799	0.33799
Subject_160	0.44669	0.32389	0.42389
Subject_161	0.45592	0.31015	0.41015
Subject_162	0.46943	0.30706	0.40706
Subject_163	0.4965	0.29994	0.39994
Subject_164	0.42927	0.33698	0.43698
Subject_165	0.48828	0.27512	0.37512
Subject_166	0.45244	0.33177	0.43177
Subject_167	0.46746	0.31275	0.41275
Subject_168	0.56189	0.27561	0.37561
Subject_169	0.52263	0.27748	0.37748
Subject_170	0.43765	0.33288	0.43288
Subject_171	0.43895	0.32274	0.42274
Subject_172	0.4907	0.33243	0.43243
Subject_173	0.42334	0.33889	0.43889
Subject_174	0.51007	0.31577	0.41577
Subject_175	0.42821	0.33351	0.43351
Subject_176	0.49314	0.27578	0.37578
Subject_177	0.46134	0.29858	0.39858
Subject_178	0.4424	0.30355	0.40355
Subject_179	0.53411	0.28056	0.38056
Subject_180	0.44655	0.33491	0.43491
Subject_181	0.51094	0.29483	0.39483
Subject_182	0.4515	0.33008	0.43008
Subject_183	0.51532	0.24369	0.34369
Subject_184	0.47149	0.31415	0.41415
Subject_185	0.45327	0.31536	0.41536
Subject_186	0.41018	0.35004	0.45004
Subject_187	0.42077	0.33763	0.43763
Subject_188	0.44217	0.33479	0.43479
Subject_189	0.51319	0.31783	0.41783
Subject_190	0.41856	0.3517	0.4517
Subject_191	0.44101	0.325	0.425
Subject_192	0.42006	0.33238	0.43238
Subject_193	0.45789	0.30917	0.40917
Subject_194	0.47992	0.3122	0.4122
Subject_195	0.48015	0.31199	0.41199
Subject_196	0.50611	0.27788	0.37788
Subject_197	0.48914	0.27779	0.37779
Subject_198	0.5019	0.27138	0.37138
Subject_199	0.50031	0.30492	0.40492
Subject_200	0.51463	0.28402	0.38402
Subject_201	0.3966	0.35185	0.45185
Subject_202	0.49556	0.29295	0.39295
Subject_203	0.44591	0.31692	0.41692
Subject_204	0.41676	0.33516	0.43516
Subject_205	0.42236	0.33734	0.43734
Subject_206	0.46013	0.31335	0.41335
Subject_207	0.45277	0.3315	0.4315
Subject_208	0.53244	0.28311	0.38311
Subject_209	0.47648	0.29143	0.39143
Subject_210	0.51223	0.2971	0.3971
Subject_211	0.48879	0.27151	0.37151
Subject_212	0.50546	0.23538	0.33538
Subject_213	0.44223	0.31747	0.41747
Subject_214	0.50979	0.28716	0.38716
Subject_215	0.4954	0.31356	0.41356
Subject_216	0.52325	0.3026	0.4026
Subject_217	0.45584	0.34172	0.44172
Subject_218	0.49379	0.28824	0.38824
Subject_219	0.57427	0.27642	0.37642
Subject_220	0.47257	0.32885	0.42885
Subject_221	0.52701	0.27836	0.37836
Subject_222	0.45657	0.31897	0.41897
Subject_223	0.45012	0.33372	0.43372
Subject_224	0.47969	0.30444	0.40444
Subject_225	0.4038	0.33119	0.43119
Subject_226	0.49783	0.20967	0.30967
Subject_227	0.48337	0.32957	0.42957
Subject_228	0.44824	0.32576	0.42576
Subject_229	0.41929	0.34221	0.44221
Subject_230	0.5196	0.2481	0.3481
Subject_231	0.50208	0.30955	0.40955
Subject_232	0.40754	0.3473	0.4473
Subject_233	0.47245	0.34488	0.44488
Subject_234	0.46109	0.33761	0.43761
Subject_235	0.45581	0.282	0.382
Subject_236	0.48813	0.3137	0.4137
Subject_237	0.476	0.31782	0.41782
Subject_238	0.4885	0.28882	0.38882
Subject_239	0.46457	0.3291	0.4291
Subject_240	0.45579	0.35353	0.45353
Subject_241	0.4308	0.32508	0.42508
Subject_242	0.48338	0.24079	0.34079
Subject_243	0.47248	0.32762	0.42762
Subject_244	0.45855	0.34272	0.44272
Subject_245	0.4197	0.3479	0.4479
Subject_246	0.48203	0.3228	0.4228
Subject_247	0.51314	0.3278	0.4278
Subject_248	0.46079	0.33576	0.43576
Subject_249	0.43716	0.33311	0.43311
Subject_250	0.41038	0.34314	0.44314
Subject_251	0.45438	0.33416	0.43416
Subject_252	0.46154	0.30314	0.40314
Subject_253	0.45125	0.34236	0.44236
Subject_254	0.47042	0.28109	0.38109
Subject_255	0.51031	0.32718	0.42718
Subject_256	0.47244	0.28373	0.38373
Subject_257	0.48652	0.32471	0.42471
Subject_258	0.4815	0.34412	0.44412
Subject_259	0.428	0.32513	0.42513
Subject_260	0.42054	0.30689	0.40689
Subject_261	0.52001	0.30542	0.40542
Subject_262	0.43647	0.34468	0.44468
Subject_263	0.48744	0.31237	0.41237
Subject_264	0.55463	0.25374	0.35374
Subject_265	0.41179	0.33708	0.43708
Subject_266	0.54935	0.309	0.409
Subject_267	0.4459	0.30819	0.40819
Subject_268	0.44094	0.31526	0.41526
Subject_269	0.4994	0.26948	0.36948
Subject_270	0.38038	0.36989	0.46989
Subject_271	0.49966	0.32035	0.42035
Subject_272	0.48876	0.3072	0.4072
Subject_273	0.42849	0.35255	0.45255
Subject_274	0.47953	0.31423	0.41423
Subject_275	0.45084	0.32413	0.42413
Subject_276	0.40923	0.2972	0.3972
Subject_277	0.49471	0.28429	0.38429
Subject_278	0.4752	0.33341	0.43341
Subject_279	0.52598	0.3124	0.4124
Subject_280	0.47952	0.33288	0.43288
Subject_281	0.48099	0.30704	0.40704
Subject_282	0.45931	0.32636	0.42636
Subject_283	0.39526	0.32942	0.42942
Subject_284	0.38988	0.33007	0.43007
Subject_285	0.48305	0.30265	0.40265
Subject_286	0.46104	0.32454	0.42454
Subject_287	0.42748	0.32548	0.42548
Subject_288	0.41302	0.33169	0.43169
Subject_289	0.48162	0.33436	0.43436
Subject_290	0.43463	0.28587	0.38587
Subject_291	0.39688	0.3503	0.4503
Subject_292	0.50814	0.32086	0.42086
Subject_293	0.41547	0.29438	0.39438
Subject_294	0.4936	0.31496	0.41496
Subject_295	0.46393	0.31834	0.41834
Subject_296	0.49742	0.33332	0.43332
Subject_297	0.50233	0.28179	0.38179
Subject_298	0.46702	0.32342	0.42342
Subject_299	0.46359	0.34039	0.44039
Subject_300	0.48044	0.29666	0.39666
Subject_301	0.4566	0.3352	0.4352
Subject_302	0.48661	0.32869	0.42869
Subject_303	0.42804	0.25229	0.35229
Subject_304	0.48759	0.31208	0.41208
Subject_305	0.42674	0.32971	0.42971
Subject_306	0.44707	0.30487	0.40487
Subject_307	0.50208	0.30242	0.40242
Subject_308	0.43216	0.32397	0.42397
Subject_309	0.50295	0.27357	0.37357
Subject_310	0.49172	0.21191	0.31191
Subject_311	0.48537	0.32098	0.42098
Subject_312	0.42533	0.32299	0.42299
Subject_313	0.42519	0.34614	0.44614
Subject_314	0.4409	0.33008	0.43008
Subject_315	0.50613	0.3063	0.4063
Subject_316	0.49149	0.33289	0.43289
Subject_317	0.49423	0.25916	0.35916
Subject_318	0.54106	0.26249	0.36249
Subject_319	0.4719	0.32643	0.42643
Subject_320	0.49299	0.31532	0.41532
Subject_321	0.44028	0.3071	0.4071
Subject_322	0.45475	0.33118	0.43118
Subject_323	0.45178	0.29272	0.39272
Subject_324	0.49551	0.24907	0.34907
Subject_325	0.43764	0.33128	0.43128
Subject_326	0.50459	0.29881	0.39881
Subject_327	0.50379	0.31531	0.41531
Subject_328	0.43854	0.35216	0.45216
Subject_329	0.46916	0.32136	0.42136
Subject_330	0.48845	0.2848	0.3848
Subject_331	0.47176	0.32042	0.42042
Subject_332	0.44529	0.32339	0.42339
Subject_333	0.46942	0.31038	0.41038
Subject_334	0.44766	0.30816	0.40816
Subject_335	0.46341	0.3334	0.4334
Subject_336	0.48059	0.33425	0.43425
Subject_337	0.51667	0.27981	0.37981
Subject_338	0.47177	0.28713	0.38713
Subject_339	0.45744	0.32475	0.42475
Subject_340	0.43071	0.34816	0.44816
Subject_341	0.41871	0.35212	0.45212
Subject_342	0.45695	0.33318	0.43318
Subject_343	0.48464	0.31575	0.41575
Subject_344	0.50922	0.26324	0.36324
Subject_345	0.49625	0.31107	0.41107
Subject_346	0.4959	0.32672	0.42672
Subject_347	0.47194	0.31992	0.41992
Subject_348	0.47216	0.28313	0.38313
Subject_349	0.52919	0.3185	0.4185
Subject_350	0.49095	0.31929	0.41929
Subject_351	0.45881	0.33741	0.43741
Subject_352	0.42555	0.3463	0.4463
Subject_353	0.44506	0.32198	0.42198
Subject_354	0.48319	0.292	0.392
Subject_355	0.42499	0.34103	0.44103
Subject_356	0.39554	0.3281	0.4281
Subject_357	0.40052	0.31759	0.41759
Subject_358	0.49883	0.29808	0.39808
Subject_359	0.46994	0.29725	0.39725
Subject_360	0.48571	0.32481	0.42481
Subject_361	0.49209	0.32047	0.42047
Subject_362	0.48069	0.26509	0.36509
Subject_363	0.42551	0.31383	0.41383
Subject_364	0.47474	0.31799	0.41799
Subject_365	0.34854	0.3667	0.4667
Subject_366	0.45274	0.31933	0.41933
Subject_367	0.50249	0.33141	0.43141
Subject_368	0.53697	0.27744	0.37744
Subject_369	0.44119	0.33873	0.43873
Subject_370	0.50829	0.30737	0.40737
Subject_371	0.46426	0.33619	0.43619
Subject_372	0.48972	0.31634	0.41634
Subject_373	0.42793	0.35063	0.45063
Subject_374	0.43249	0.33386	0.43386
Subject_375	0.53588	0.30313	0.40313
Subject_376	0.53004	0.27857	0.37857
Subject_377	0.51219	0.26509	0.36509
Subject_378	0.49851	0.32701	0.42701
Subject_379	0.49798	0.22554	0.32554
Subject_380	0.44475	0.33684	0.43684
Subject_381	0.46118	0.3371	0.4371
Subject_382	0.43497	0.3099	0.4099
Subject_383	0.40951	0.33138	0.43138
Subject_384	0.46015	0.28993	0.38993
Subject_385	0.4661	0.33014	0.43014
Subject_386	0.46679	0.30227	0.40227
Subject_387	0.47984	0.3097	0.4097
Subject_388	0.45377	0.34643	0.44643
Subject_389	0.44243	0.30826	0.40826
Subject_390	0.4366	0.3466	0.4466
Subject_391	0.46796	0.29755	0.39755
Subject_392	0.45443	0.32337	0.42337
Subject_393	0.46349	0.30467	0.40467
Subject_394	0.50989	0.31003	0.41003
Subject_395	0.35036	0.35802	0.45802
Subject_396	0.44717	0.29677	0.39677
Subject_397	0.47258	0.33333	0.43333
Subject_398	0.4323	0.34449	0.44449
Subject_399	0.51138	0.3181	0.4181
Subject_400	0.45771	0.29006	0.39006
Subject_401	0.44426	0.35315	0.45315
Subject_402	0.39274	0.35564	0.45564
Subject_403	0.46467	0.32487	0.42487
Subject_404	0.48191	0.3327	0.4327
Subject_405	0.46113	0.28866	0.38866
Subject_406	0.52467	0.29543	0.39543
Subject_407	0.48478	0.33011	0.43011
Subject_408	0.3694	0.35094	0.45094
Subject_409	0.44334	0.3371	0.4371
Subject_410	0.43529	0.32237	0.42237
Subject_411	0.50336	0.32728	0.42728
Subject_412	0.44802	0.32093	0.42093
Subject_413	0.45144	0.33664	0.43664
Subject_414	0.51997	0.2727	0.3727
Subject_415	0.46642	0.3242	0.4242
Subject_416	0.46084	0.32839	0.42839
Subject_417	0.45263	0.31577	0.41577
Subject_418	0.46283	0.3129	0.4129
Subject_419	0.46304	0.32211	0.42211
Subject_420	0.43411	0.31746	0.41746
Subject_421	0.45025	0.2967	0.3967
Subject_422	0.47315	0.28551	0.38551
Subject_423	0.4424	0.33455	0.43455
Subject_424	0.50104	0.28697	0.38697
Subject_425	0.38137	0.35052	0.45052
Subject_426	0.41734	0.32262	0.42262
Subject_427	0.47319	0.32506	0.42506
Subject_428	0.38554	0.36092	0.46092
Subject_429	0.49241	0.25169	0.35169
Subject_430	0.40979	0.34879	0.44879
Subject_431	0.40331	0.35068	0.45068
Subject_432	0.43056	0.33629	0.43629
Subject_433	0.39233	0.33983	0.43983
Subject_434	0.49133	0.33824	0.43824
Subject_435	0.4129	0.34676	0.44676
Subject_436	0.46548	0.33746	0.43746
Subject_437	0.4435	0.30695	0.40695
Subject_438	0.46815	0.32526	0.42526
Subject_439	0.49264	0.29526	0.39526
Subject_440	0.41351	0.31712	0.41712
Subject_441	0.41919	0.35802	0.45802
Subject_442	0.44188	0.31457	0.41457
Subject_443	0.40779	0.34523	0.44523
Subject_444	0.4603	0.31301	0.41301
Subject_445	0.4458	0.34457	0.44457
Subject_446	0.43382	0.31558	0.41558
Subject_447	0.42339	0.28555	0.38555
Subject_448	0.49145	0.27982	0.37982
Subject_449	0.48442	0.32876	0.42876
Subject_450	0.4182	0.33113	0.43113
Subject_451	0.47953	0.30406	0.40406
Subject_452	0.53033	0.29319	0.39319
Subject_453	0.46693	0.29647	0.39647
Subject_454	0.48495	0.31559	0.41559
Subject_455	0.48252	0.30438	0.40438
Subject_456	0.40996	0.34301	0.44301
Subject_457	0.42888	0.34721	0.44721
Subject_458	0.45072	0.28193	0.38193
Subject_459	0.43967	0.30256	0.40256
Subject_460	0.44176	0.32226	0.42226
Subject_461	0.47009	0.30411	0.40411
Subject_462	0.37899	0.3552	0.4552
Subject_463	0.4762	0.30605	0.40605
Subject_464	0.47524	0.24188	0.34188
Subject_465	0.43813	0.3474	0.4474
Subject_466	0.43249	0.32632	0.42632
Subject_467	0.47428	0.30849	0.40849
Subject_468	0.49785	0.31687	0.41687
Subject_469	0.44888	0.28674	0.38674
Subject_470	0.53536	0.20682	0.30682
Subject_471	0.39419	0.35965	0.45965
Subject_472	0.46269	0.30915	0.40915
Subject_473	0.40081	0.34192	0.44192
Subject_474	0.4082	0.25734	0.35734
Subject_475	0.38864	0.31855	0.41855
Subject_476	0.41753	0.32619	0.42619
Subject_477	0.446	0.31365	0.41365
Subject_478	0.42323	0.3229	0.4229
Subject_479	0.4796	0.27023	0.37023
Subject_480	0.3787	0.34627	0.44627
Subject_481	0.44792	0.3089	0.4089
Subject_482	0.3946	0.35453	0.45453
Subject_483	0.38764	0.35573	0.45573
Subject_484	0.4545	0.32791	0.42791
Subject_485	0.48349	0.306	0.406
Subject_486	0.39429	0.34497	0.44497
Subject_487	0.39708	0.35603	0.45603
Subject_488	0.45611	0.28489	0.38489
Subject_489	0.3963	0.34512	0.44512
Subject_490	0.42729	0.30054	0.40054
Subject_491	0.42137	0.32974	0.42974
Subject_492	0.47024	0.28022	0.38022
Subject_493	0.45012	0.33282	0.43282
Subject_494	0.44467	0.34002	0.44002
Subject_495	0.44845	0.32554	0.42554
Subject_496	0.42142	0.33156	0.43156
Subject_497	0.4677	0.31004	0.41004
Subject_498	0.47316	0.21884	0.31884
Subject_499	0.42925	0.3382	0.4382
Subject_500	0.463	0.2496	0.3496
Subject_501	0.44722	0.33551	0.43551
Subject_502	0.41865	0.34105	0.44105
Subject_503	0.46512	0.31364	0.41364
Subject_504	0.42782	0.34779	0.44779
Subject_505	0.4308	0.34554	0.44554
Subject_506	0.44124	0.33155	0.43155
Subject_507	0.41577	0.3309	0.4309
Subject_508	0.42363	0.34375	0.44375
Subject_509	0.42884	0.32991	0.42991
Subject_510	0.49115	0.27461	0.37461
Subject_511	0.50084	0.30229	0.40229
Subject_512	0.41776	0.29658	0.39658
Subject_513	0.52456	0.28997	0.38997
Subject_514	0.46423	0.31321	0.41321
Subject_515	0.43501	0.33187	0.43187
Subject_516	0.38568	0.32907	0.42907
Subject_517	0.50662	0.28235	0.38235
Subject_518	0.52613	0.32588	0.42588
Subject_519	0.38699	0.35023	0.45023
Subject_520	0.41578	0.35052	0.45052
Subject_521	0.46099	0.31656	0.41656
Subject_522	0.45156	0.32347	0.42347
Subject_523	0.48179	0.29154	0.39154
Subject_524	0.34463	0.36759	0.46759
Subject_525	0.48624	0.28863	0.38863
Subject_526	0.45478	0.29658	0.39658
Subject_527	0.49243	0.2917	0.3917
Subject_528	0.48356	0.32037	0.42037
Subject_529	0.47381	0.32438	0.42438
Subject_530	0.47242	0.33266	0.43266
Subject_531	0.42237	0.30774	0.40774
Subject_532	0.44987	0.34019	0.44019
Subject_533	0.48566	0.29226	0.39226
Subject_534	0.39466	0.30686	0.40686
Subject_535	0.44161	0.26775	0.36775
Subject_536	0.43899	0.25443	0.35443
Subject_537	0.50633	0.34287	0.44287
Subject_538	0.3943	0.34468	0.44468
Subject_539	0.42613	0.27966	0.37966
Subject_540	0.44093	0.32308	0.42308
Subject_541	0.44263	0.31973	0.41973
Subject_542	0.45288	0.34298	0.44298
Subject_543	0.41219	0.33313	0.43313
Subject_544	0.42592	0.33731	0.43731
Subject_545	0.47266	0.31654	0.41654
Subject_546	0.39931	0.34291	0.44291
Subject_547	0.40834	0.34443	0.44443
Subject_548	0.44758	0.33983	0.43983
Subject_549	0.39449	0.35127	0.45127
Subject_550	0.4274	0.32371	0.42371
Subject_551	0.39347	0.3345	0.4345
Subject_552	0.40826	0.32061	0.42061
Subject_553	0.49328	0.27408	0.37408
Subject_554	0.46297	0.31363	0.41363
Subject_555	0.45836	0.29533	0.39533
Subject_556	0.43938	0.34942	0.44942
Subject_557	0.4558	0.33881	0.43881
Subject_558	0.43485	0.33555	0.43555
Subject_559	0.41475	0.32336	0.42336
Subject_560	0.48916	0.31919	0.41919
Subject_561	0.39977	0.3652	0.4652
Subject_562	0.43276	0.29471	0.39471
Subject_563	0.45709	0.33566	0.43566
Subject_564	0.47401	0.32768	0.42768
Subject_565	0.48846	0.29052	0.39052
Subject_566	0.44268	0.29922	0.39922
Subject_567	0.50404	0.26082	0.36082
Subject_568	0.50722	0.30588	0.40588
Subject_569	0.44072	0.33008	0.43008
Subject_570	0.46128	0.3198	0.4198
Subject_571	0.38563	0.3541	0.4541
Subject_572	0.41502	0.35299	0.45299
Subject_573	0.45513	0.31025	0.41025
Subject_574	0.3548	0.36062	0.46062
Subject_575	0.50361	0.25398	0.35398
Subject_576	0.47408	0.31295	0.41295
Subject_577	0.44405	0.32828	0.42828
Subject_578	0.52758	0.22469	0.32469
Subject_579	0.48745	0.31705	0.41705
Subject_580	0.49053	0.31669	0.41669
Subject_581	0.43309	0.31567	0.41567
Subject_582	0.39088	0.33585	0.43585
Subject_583	0.46778	0.30746	0.40746
Subject_584	0.39208	0.35754	0.45754
Subject_585	0.4466	0.31209	0.41209
Subject_586	0.45624	0.30475	0.40475
Subject_587	0.44862	0.31365	0.41365
Subject_588	0.49315	0.27112	0.37112
Subject_589	0.4119	0.30513	0.40513
Subject_590	0.49362	0.2956	0.3956
Subject_591	0.49171	0.30323	0.40323
Subject_592	0.45734	0.3109	0.4109
Subject_593	0.42909	0.33376	0.43376
Subject_594	0.46141	0.30218	0.40218
Subject_595	0.49062	0.319	0.419
Subject_596	0.50212	0.3217	0.4217
Subject_597	0.38166	0.3648	0.4648
Subject_598	0.41822	0.35244	0.45244
Subject_599	0.35598	0.36679	0.46679
Subject_600	0.43945	0.33666	0.43666
Subject_601	0.43649	0.30423	0.40423
Subject_602	0.4034	0.3105	0.4105
Subject_603	0.43014	0.33836	0.43836
Subject_604	0.48561	0.30959	0.40959
Subject_605	0.41409	0.33055	0.43055
Subject_606	0.51345	0.31626	0.41626
Subject_607	0.45061	0.31705	0.41705
Subject_608	0.43859	0.32509	0.42509
Subject_609	0.45623	0.30778	0.40778
Subject_610	0.47827	0.33504	0.43504
Subject_611	0.48404	0.25495	0.35495
Subject_612	0.43648	0.31275	0.41275
Subject_613	0.43775	0.3188	0.4188
Subject_614	0.35994	0.33726	0.43726
Subject_615	0.4172	0.34232	0.44232
Subject_616	0.46029	0.30064	0.40064
Subject_617	0.42615	0.336	0.436
Subject_618	0.37975	0.3582	0.4582
Subject_619	0.45738	0.2797	0.3797
Subject_620	0.4479	0.3392	0.4392
Subject_621	0.37294	0.33187	0.43187
Subject_622	0.44134	0.3385	0.4385
Subject_623	0.43955	0.31686	0.41686
Subject_624	0.48501	0.32249	0.42249
Subject_625	0.50173	0.32088	0.42088
Subject_626	0.47366	0.30115	0.40115
Subject_627	0.49088	0.29469	0.39469
Subject_628	0.45733	0.28925	0.38925
